25
   2   21      0
  24    8      7
  21    3     43
  21   16     16
  18   19     32
   3    8     47
   1    6     78
  12   20     24
   2    6     10
  19   17     14
  15   20     45
   1    2     28
  23   17     78
   4    7     27
  10   11     73
   9   19      7
   5   13     64
  24    6     68
  14   18     18
  20   13     39
   6    9     30
   7    3     70
  12   23     44
   7   14     51
   3    6     60
  20   18     71
  10    6     57
  18   16     -7
  19   15      3
  24   12     17
  10   15     71
  16   24     32
   3   15     57
   5    7     29
   3   22      9
  12    3     70
  22   12     17
  24    5     57
   8   20     64
  20   21      5
   4   23     16
   8   12     68
  25    5     65
  18   11     54
  11    9     20
  11    6     18
  25   21      5
   7   13     70
  24   10     74
  23    1     69
  15    2     60
  20   17     48
  19    4     30
   3   11     63
  23   16     54
  21   18     61
   7   24     19
  22   19     23
  15   13     25
  10   13     18
   8    7     19
  18   23     10
  25   13     31
  20    6    -57
   3   17    -55
  21    9     29
  23   20     28
  10   14    -38
  22   17     48
   6    5     48
   8   10     23
  25    8     54
  13    1     73
   3   19     22
   9   20     14
   7   16     72
  10    1      4
   9    7      5
  15   17     67
   2    9     77
   2   13    -57
  20   22     52
  10    9     38
   4    6      5
  25   14     37
  13   17    -49
  18    5     40
  14   19     46
  14    2     10
  17   25     38
  12   13     15
  12   19     41
  23   25    -79
  19   16     68
  11   15     49
  21   13     77
  14   11      9
  16   20     51
  17   24      1
   5    2     46
   5    4     48
  22   11     16
  23   10     76
  24   14     78
  19   20     41
  20    4     68
  18   15     49
   4   13      9
   4    2     64
   1    9     18
   4   25     49
  10   20     30
  21   24     69
  14   13     23
   1   25    -75
  19   10     60
  11    5     22
  20   24     15
  14   15     25
   7   11      1
  13   24     34
  16    3     70
  17    9     40
   9    3     10
  13   18     30
  16   10      8
   8   22     67
   5    9     68
   5    1     57
  17    2     62
  13   23     17
  14    6      9
  17   18     63
   9    8     65
  15   16     10
  15   12     26
  24    2     31
   6   21     57
   6   23     49
  10    2     11
   8   21     55
  19   13     31
   7   10      1
  13   16     67
  11   17     70
   1    7     66
   5   22     31
  19    1     33
  16    2     59
  10    5     45
   8   11     78
  11   23      0
  15    4     12
  20    2     75
  15   21     29
  12    6     -8
   3    5     25
  15   22     71
   1   14     21
  25   24     64
   1    4    -65
   3   23     33
   9   16     69
  24   18     41
  14    9     10
  25   22     73
   4   24     72
   7   21     51
   2   12     21
  14   21    -66
  11   16     15
   1   20     42
  21    1     58
   1   16     21
  12   11     35
  18   25     35
   6   18      8
  17    1     75
  24   15     37
  14    3     34
